/*--------------------------------*- C++ -*----------------------------------*\
| =========                 |                                                 |
| \\      /  F ield         | OpenFOAM: The Open Source CFD Toolbox           |
|  \\    /   O peration     | Version:  2512                                  |
|   \\  /    A nd           | Website:  www.openfoam.com                      |
|    \\/     M anipulation  |                                                 |
\*---------------------------------------------------------------------------*/
FoamFile
{
    version     2.0;
    format      binary;
    arch        "LSB;label=32;scalar=64";
    class       cellSet;
    location    "constant/polyMesh/sets";
    object      concaveCells;
}
// * * * * * * * * * * * * * * * * * * * * * * * * * * * * * * * * * * * * * //


1473
(
1376256
1376257
1376258
1376259
1376260
1376261
1376262
1376263
1376264
1376265
1376922
1376923
1376924
1376925
1376926
1376927
1376928
1376929
1376930
1376931
1376932
1376933
1376934
1376935
1376936
1376937
1376938
1376939
1376940
1376945
1376966
1376969
1376990
1376993
1377014
1377017
1377038
1377041
1377062
1377065
1377086
1377089
1377110
1377113
1377134
1377137
1377158
1377160
1377182
1377206
1377210
1377214
1377215
1377216
1377217
1377218
1377219
1377220
1377221
1377222
1377223
1377225
1377230
1377232
1377235
1377249
1377250
1377254
1377257
1377260
1377261
1377262
1377263
1377264
1377265
1377266
1377267
1377268
1377269
1377270
1377271
1377272
1377278
1377281
1377289
1377290
1377291
1377292
1377302
1377305
1377326
1377329
1377350
1377353
1377374
1377377
1377398
1377401
1377422
1377426
1377427
1377428
1377429
1377430
1377431
1377432
1377433
1377434
1377435
1377436
1377437
1377438
1377439
1377440
1377441
1377442
1377443
1377444
1377445
1394420
1394426
1394427
1394433
1394434
1394440
1394441
1394447
1394448
1394454
1394455
1378074
1378075
1378076
1394461
1378077
1394462
1378078
1378079
1378080
1378081
1378082
1378083
1394468
1378084
1394469
1378085
1378086
1378087
1378088
1378089
1378090
1394475
1378091
1394476
1378092
1378097
1394482
1394483
1394489
1394490
1394496
1394497
1378118
1394503
1394504
1378121
1394510
1394511
1394517
1394518
1394524
1394525
1378142
1378145
1394531
1378166
1378169
1378190
1378193
1378214
1378217
1378238
1378241
1378262
1378265
1378286
1378288
1378289
1394685
1378310
1378334
1378337
1378358
1378361
1378382
1378399
1378403
1378406
1378408
1378426
1378430
1378433
1378436
1378437
1394825
1378447
1378448
1378454
1378457
1394845
1378465
1378478
1378481
1378502
1378505
1394908
1378526
1378529
1378550
1378553
1378574
1378578
1378579
1378580
1378581
1378582
1378583
1378584
1378585
1378586
1378587
1378588
1378589
1378590
1378591
1378592
1378593
1378594
1378595
1378596
1378597
1395027
1395034
1395097
1395104
1395209
1379226
1379227
1379228
1379229
1379230
1379231
1379232
1379233
1379234
1379235
1379236
1379237
1379238
1379239
1379240
1379241
1379242
1379243
1379244
1379249
1379270
1379273
1379294
1379297
1379318
1379321
1379342
1379345
1379366
1379369
1379390
1379393
1379414
1379417
1379438
1379440
1379441
1379462
1379486
1379489
1379510
1379513
1379534
1379551
1379555
1379558
1379560
1379578
1379582
1379585
1379588
1379589
1379599
1379600
1379606
1379609
1379617
1379630
1379633
1379654
1379657
1379678
1379681
1379702
1379705
1379726
1379730
1379731
1379732
1379733
1379734
1379735
1379736
1379737
1379738
1379739
1379740
1379741
1379742
1379743
1379744
1379745
1379746
1379747
1379748
1379749
1380378
1380379
1380380
1380381
1380382
1380383
1380384
1380385
1380386
1380387
1380388
1380389
1380390
1380391
1380392
1380393
1380394
1380395
1380396
1380401
1380422
1380425
1380446
1380449
1380470
1380473
1380494
1380497
1380518
1380521
1380542
1380545
1380566
1380569
1380590
1380593
1380614
1380616
1380638
1380662
1380664
1380666
1380670
1380671
1380672
1380673
1380674
1380675
1380676
1380677
1380678
1380679
1380681
1380686
1380688
1380705
1380706
1380710
1380713
1380716
1380717
1380718
1380719
1380720
1380721
1380722
1380723
1380724
1380725
1380726
1380727
1380728
1380734
1380737
1380745
1380746
1380747
1380758
1380761
1380782
1380785
1380806
1380809
1380830
1380833
1380854
1380857
1397248
1397254
1397255
1397261
1397262
1380878
1380882
1380883
1397268
1380884
1397269
1380885
1380886
1380887
1380888
1380889
1380890
1397275
1380891
1397276
1380892
1380893
1380894
1380895
1380896
1380897
1397282
1380898
1397283
1380899
1380900
1380901
1397289
1397290
1397296
1397297
1397303
1397304
1397310
1397311
1397317
1397318
1397324
1397325
1397331
1397332
1397338
1397339
1397345
1397346
1397352
1397353
1397359
1397400
1397401
1397402
1397421
1397428
1397435
1397442
1397449
1397456
1397463
1397470
1397477
1397484
1397505
1397507
1397513
1397540
1397547
1397549
1397555
1397556
1397562
1397563
1397633
1397639
1397640
1397645
1397646
1397647
1397694
1397701
1397708
1397710
1397715
1397716
1397717
1397722
1397723
1397724
1397729
1397730
1397731
1397736
1397737
1397738
1397743
1397744
1397745
1397750
1397751
1397752
1397757
1397758
1397759
1397764
1397766
1397771
1397778
1397869
1397876
1397883
1381554
1381555
1381556
1381557
1381558
1381559
1381560
1381561
1381562
1381563
1381564
1381565
1381566
1381567
1381568
1381569
1381570
1381571
1381572
1381573
1381657
1381658
1381659
1381660
1381661
1381662
1381663
1381664
1381674
1381675
1381678
1381679
1381680
1381681
1381682
1381683
1381684
1381685
1381686
1381687
1381688
1381689
1381690
1381698
1381699
1381700
1381701
1381702
1381703
1381704
1381705
1381706
1381707
1381708
1381709
1381710
1381711
1381712
1381713
1381714
1381715
1381717
1381722
1381723
1381724
1381725
1381726
1381727
1381728
1381729
1381730
1381731
1381732
1381733
1381734
1381735
1381736
1381737
1381738
1381739
1381740
1381741
1381746
1381747
1381748
1381749
1381750
1381751
1381752
1381753
1381754
1381755
1381756
1381757
1381758
1381759
1381760
1381761
1381762
1381763
1381764
1381765
1381769
1381770
1381771
1381772
1381773
1381774
1381775
1381776
1381777
1381778
1381779
1381780
1381781
1381782
1381783
1381784
1381785
1381786
1381787
1381788
1381789
1381792
1381793
1381794
1381795
1381796
1381797
1381798
1381799
1381800
1381801
1381802
1381803
1381804
1381805
1381806
1381807
1381808
1381809
1381810
1381811
1381812
1381813
1381817
1381818
1381819
1381833
1381834
1381835
1381836
1381837
1381841
1381842
1381843
1381844
1381856
1381857
1381858
1381859
1381860
1381861
1381866
1381867
1381868
1381869
1381870
1381871
1381872
1381873
1381875
1381876
1381877
1381878
1381879
1381880
1381881
1381882
1381883
1381884
1381885
1381890
1381891
1381892
1381893
1381894
1381895
1381896
1381897
1381898
1381899
1381900
1381901
1381902
1381903
1381904
1381905
1381906
1381907
1381908
1381909
1381914
1381915
1381916
1381917
1381918
1381919
1381920
1381921
1381922
1381923
1381924
1381925
1381926
1381927
1381928
1381929
1381930
1381931
1381932
1381933
1381938
1381939
1381940
1381941
1381942
1381943
1381944
1381945
1381946
1381947
1381948
1381949
1381950
1381951
1381952
1381953
1381954
1381955
1381956
1381957
1381962
1381963
1381964
1381965
1381966
1381967
1381968
1381969
1381970
1381971
1381972
1381973
1381974
1381975
1381976
1381977
1381978
1381988
1381989
1381990
1381991
1381992
1381993
1381994
1381995
1381996
1381997
1381998
1381999
1382000
1382001
1382010
1382011
1382012
1382013
1382014
1382015
1382016
1382017
1382018
1382019
1382020
1382021
1382022
1382023
1382024
1382025
1382026
1382027
1382028
1382029
1385825
1385827
1385829
1385906
1385913
1385915
1385917
1385927
1385935
1385939
1385961
1385965
1386033
1386036
1386037
1386042
1386043
1386049
1386050
1386056
1386057
1386063
1386064
1386070
1386071
1386077
1386078
1386084
1386085
1386091
1386092
1386098
1386099
1386105
1386106
1386112
1386113
1386119
1386120
1386126
1386127
1386133
1386134
1386140
1386141
1386144
1386147
1386150
1386152
1386155
1386157
1386172
1386175
1386178
1386180
1386182
1386185
1386189
1386191
1386216
1386218
1386219
1386226
1386227
1386233
1386234
1386240
1386296
1386303
1386304
1386310
1386311
1386354
1386367
1386368
1386371
1386372
1386374
1386375
1386379
1386381
1386382
1386385
1386386
1386388
1386389
1386395
1386396
1386399
1386400
1386423
1386424
1386427
1386428
1386430
1386431
1386437
1386438
1386441
1386456
1386562
1386565
1386574
1386581
1386587
1386588
1386598
1386599
1386600
1386601
1386640
1386641
1386642
1386643
1386647
1386648
1386649
1386650
1386654
1386655
1386656
1386657
1386661
1386662
1386663
1386664
1386672
1386673
1386679
1386680
1386686
1386687
1386689
1386690
1386691
1386692
1386696
1386697
1386698
1386699
1386703
1386704
1386705
1386706
1387479
1387500
1387501
1387507
1387522
1387525
1387531
1387533
1387534
1387536
1387542
1387546
1387549
1387560
1387566
1387567
1387570
1387571
1387573
1387577
1387587
1387592
1389079
1389081
1389082
1389085
1389086
1389087
1389088
1389092
1389093
1389094
1389095
1389099
1389100
1389101
1389102
1389106
1389107
1389108
1389109
1389113
1389114
1389115
1389116
1389120
1389121
1389122
1389123
1389127
1389128
1389129
1389130
1389134
1389135
1389136
1389137
1389141
1389142
1389143
1389144
1389148
1389149
1389150
1389151
1389155
1389156
1389157
1389158
1389162
1389163
1389164
1389165
1389169
1389170
1389171
1389172
1389176
1389177
1389178
1389179
1389183
1389184
1389185
1389186
1389190
1389192
1389195
1389224
1389227
1389230
1389231
1389232
1389233
1389252
1389259
1389266
1389273
1389280
1389287
1389294
1389301
1389308
1389315
1389336
1389338
1389344
1389346
1389349
1389371
1389374
1389377
1389378
1389379
1389380
1389386
1389387
1389393
1389394
1389395
1389414
1389415
1389417
1389421
1389422
1389427
1389428
1389429
1389438
1389439
1389472
1389473
1389476
1389481
1389482
1389483
1389485
1389488
1389490
1389491
1389492
1389497
1389498
1389499
1389504
1389505
1389506
1389511
1389512
1389513
1389518
1389519
1389520
1389525
1389526
1389527
1389532
1389533
1389534
1389539
1389540
1389541
1389546
1389547
1389548
1389553
1389558
1389559
1389560
1389565
1389566
1389570
1389571
1389627
1389633
1389634
1389640
1389641
1389644
1389647
1389650
1389651
1389656
1389657
1389658
1389663
1389664
1389665
1389670
1389671
1389676
1389677
1389682
1389683
1389689
1389690
1374881
1374882
1374883
1374884
1374885
1374886
1374887
1374888
1374889
1374890
1374891
1374892
1374893
1374894
1374895
1374896
1374897
1374905
1374906
1374907
1374920
1374921
1374922
1374930
1374931
1374932
1374944
1374945
1374946
1374955
1374956
1374957
1374958
1374959
1374960
1374964
1374965
1374966
1374967
1374968
1374969
1374981
1374982
1374983
1374984
1374985
1374986
1374987
1374988
1374989
1374990
1391704
1391708
1391710
1391711
1391714
1391715
1391717
1391718
1391721
1391722
1391724
1391725
1391728
1391729
1391731
1391732
1391735
1391736
1391738
1391739
1391742
1391743
1391745
1391746
1391749
1391750
1391752
1391753
1391756
1391757
1391759
1391760
1391763
1391764
1391766
1391767
1391770
1391771
1391773
1391774
1391777
1391778
1391780
1391781
1391784
1391785
1391787
1391788
1391791
1391792
1391794
1391795
1391798
1391799
1391801
1391802
1391805
1391806
1391808
1391809
1391812
1391813
1391815
1391820
1391969
1391971
1391974
1392123
1392125
1392127
1392143
1392147
1375800
1375801
1375802
1375803
1392188
1375804
1375805
1375806
1375807
1375808
1375809
1375810
1375811
1375812
1375813
1392206
1392210
1375921
1375922
1392307
1375923
1375942
1375943
1375944
1375945
1375946
1375947
1375948
1375949
1375950
1375951
1375952
1375953
1392346
1375962
1375963
1375964
1375965
1375966
1375967
1375968
1392353
1375969
1375970
1375971
1375972
1375973
1375974
1392359
1375975
1375976
1375977
1375978
1375979
1375986
1375987
1375988
1375989
1375990
1375991
1375992
1375993
1375994
1375995
1375996
1375997
1375998
1375999
1376000
1376001
1376002
1376003
1376004
1376009
1376010
1376011
1376012
1376013
1376014
1376015
1376016
1376017
1376018
1376019
1376020
1376021
1376022
1376023
1376024
1392409
1376025
1376026
1376027
1376028
1392413
1376029
1392414
1392416
1376032
1392419
1376050
1376051
1376052
1376053
1376056
1376075
1376076
1376077
1376081
1376099
1376100
1376101
1376106
1376122
1376123
1376124
1376125
1376130
1376131
1376132
1392521
1376143
1376144
1376145
1376146
1376147
1376148
1376149
1376154
1376155
1376156
1376157
1376158
1376159
1376160
1376161
1376162
1376163
1376164
1376165
1376166
1376167
1376168
1376169
1376170
1376171
1376179
1376180
1376181
1376182
1376183
1376184
1376185
1376186
1376187
1376188
1376189
1376190
1376191
1376192
1376193
1376194
1376205
1376206
1376207
1376208
1376209
1376210
1376211
1376212
1376213
1376214
1376215
1376216
1376232
1376233
1376234
1376235
1376236
1376237
1376252
1376253
1376254
1376255
)


// ************************************************************************* //
